 0.00000000e+00 1.00000000e+00
 3.92156863e-03 1.02507840e+00
 7.84313725e-03 1.04903023e+00
 1.17647059e-02 1.07188843e+00
 1.56862745e-02 1.09368548e+00
 1.96078431e-02 1.11445333e+00
 2.35294118e-02 1.13422346e+00
 2.74509804e-02 1.15302680e+00
 3.13725490e-02 1.17089378e+00
 3.52941176e-02 1.18785428e+00
 3.92156863e-02 1.20393764e+00
 4.31372549e-02 1.21917266e+00
 4.70588235e-02 1.23358757e+00
 5.09803922e-02 1.24721007e+00
 5.49019608e-02 1.26006726e+00
 5.88235294e-02 1.27218570e+00
 6.27450980e-02 1.28359137e+00
 6.66666667e-02 1.29430970e+00
 7.05882353e-02 1.30436552e+00
 7.45098039e-02 1.31378311e+00
 7.84313725e-02 1.32258616e+00
 8.23529412e-02 1.33079781e+00
 8.62745098e-02 1.33844062e+00
 9.01960784e-02 1.34553658e+00
 9.41176471e-02 1.35210712e+00
 9.80392157e-02 1.35817312e+00
 1.01960784e-01 1.36375488e+00
 1.05882353e-01 1.36887217e+00
 1.09803922e-01 1.37354420e+00
 1.13725490e-01 1.37778963e+00
 1.17647059e-01 1.38162661e+00
 1.21568627e-01 1.38507272e+00
 1.25490196e-01 1.38814505e+00
 1.29411765e-01 1.39086016e+00
 1.33333333e-01 1.39323409e+00
 1.37254902e-01 1.39528238e+00
 1.41176471e-01 1.39702008e+00
 1.45098039e-01 1.39846175e+00
 1.49019608e-01 1.39962148e+00
 1.52941176e-01 1.40051286e+00
 1.56862745e-01 1.40114905e+00
 1.60784314e-01 1.40154273e+00
 1.64705882e-01 1.40170616e+00
 1.68627451e-01 1.40165113e+00
 1.72549020e-01 1.40138905e+00
 1.76470588e-01 1.40093086e+00
 1.80392157e-01 1.40028714e+00
 1.84313725e-01 1.39946803e+00
 1.88235294e-01 1.39848332e+00
 1.92156863e-01 1.39734238e+00
 1.96078431e-01 1.39605424e+00
 2.00000000e-01 1.39462756e+00
 2.03921569e-01 1.39307064e+00
 2.07843137e-01 1.39139146e+00
 2.11764706e-01 1.38959765e+00
 2.15686275e-01 1.38769652e+00
 2.19607843e-01 1.38569507e+00
 2.23529412e-01 1.38360000e+00
 2.27450980e-01 1.38141770e+00
 2.31372549e-01 1.37915430e+00
 2.35294118e-01 1.37681562e+00
 2.39215686e-01 1.37440724e+00
 2.43137255e-01 1.37193447e+00
 2.47058824e-01 1.36940237e+00
 2.50980392e-01 1.36681576e+00
 2.54901961e-01 1.36417922e+00
 2.58823529e-01 1.36149712e+00
 2.62745098e-01 1.35877360e+00
 2.66666667e-01 1.35601260e+00
 2.70588235e-01 1.35321784e+00
 2.74509804e-01 1.35039286e+00
 2.78431373e-01 1.34754102e+00
 2.82352941e-01 1.34466549e+00
 2.86274510e-01 1.34176927e+00
 2.90196078e-01 1.33885520e+00
 2.94117647e-01 1.33592595e+00
 2.98039216e-01 1.33298404e+00
 3.01960784e-01 1.33003187e+00
 3.05882353e-01 1.32707167e+00
 3.09803922e-01 1.32410555e+00
 3.13725490e-01 1.32113548e+00
 3.17647059e-01 1.31816332e+00
 3.21568627e-01 1.31519083e+00
 3.25490196e-01 1.31221962e+00
 3.29411765e-01 1.30925123e+00
 3.33333333e-01 1.30628707e+00
 3.37254902e-01 1.30332849e+00
 3.41176471e-01 1.30037671e+00
 3.45098039e-01 1.29743288e+00
 3.49019608e-01 1.29449807e+00
 3.52941176e-01 1.29157328e+00
 3.56862745e-01 1.28865942e+00
 3.60784314e-01 1.28575733e+00
 3.64705882e-01 1.28286780e+00
 3.68627451e-01 1.27999153e+00
 3.72549020e-01 1.27712919e+00
 3.76470588e-01 1.27428137e+00
 3.80392157e-01 1.27144861e+00
 3.84313725e-01 1.26863142e+00
 3.88235294e-01 1.26583024e+00
 3.92156863e-01 1.26304548e+00
 3.96078431e-01 1.26027749e+00
 4.00000000e-01 1.25752659e+00
 4.03921569e-01 1.25479308e+00
 4.07843137e-01 1.25207720e+00
 4.11764706e-01 1.24937917e+00
 4.15686275e-01 1.24669918e+00
 4.19607843e-01 1.24403738e+00
 4.23529412e-01 1.24139390e+00
 4.27450980e-01 1.23876885e+00
 4.31372549e-01 1.23616231e+00
 4.35294118e-01 1.23357435e+00
 4.39215686e-01 1.23100500e+00
 4.43137255e-01 1.22845428e+00
 4.47058824e-01 1.22592221e+00
 4.50980392e-01 1.22340877e+00
 4.54901961e-01 1.22091393e+00
 4.58823529e-01 1.21843766e+00
 4.62745098e-01 1.21597989e+00
 4.66666667e-01 1.21354058e+00
 4.70588235e-01 1.21111964e+00
 4.74509804e-01 1.20871698e+00
 4.78431373e-01 1.20633252e+00
 4.82352941e-01 1.20396615e+00
 4.86274510e-01 1.20161777e+00
 4.90196078e-01 1.19928725e+00
 4.94117647e-01 1.19697448e+00
 4.98039216e-01 1.19467933e+00
 5.01960784e-01 1.19240167e+00
 5.05882353e-01 1.19014137e+00
 5.09803922e-01 1.18789827e+00
 5.13725490e-01 1.18567224e+00
 5.17647059e-01 1.18346314e+00
 5.21568627e-01 1.18127081e+00
 5.25490196e-01 1.17909511e+00
 5.29411765e-01 1.17693588e+00
 5.33333333e-01 1.17479297e+00
 5.37254902e-01 1.17266623e+00
 5.41176471e-01 1.17055549e+00
 5.45098039e-01 1.16846060e+00
 5.49019608e-01 1.16638141e+00
 5.52941176e-01 1.16431776e+00
 5.56862745e-01 1.16226950e+00
 5.60784314e-01 1.16023645e+00
 5.64705882e-01 1.15821848e+00
 5.68627451e-01 1.15621542e+00
 5.72549020e-01 1.15422713e+00
 5.76470588e-01 1.15225343e+00
 5.80392157e-01 1.15029420e+00
 5.84313725e-01 1.14834926e+00
 5.88235294e-01 1.14641847e+00
 5.92156863e-01 1.14450168e+00
 5.96078431e-01 1.14259874e+00
 6.00000000e-01 1.14070950e+00
 6.03921569e-01 1.13883382e+00
 6.07843137e-01 1.13697156e+00
 6.11764706e-01 1.13512256e+00
 6.15686275e-01 1.13328669e+00
 6.19607843e-01 1.13146381e+00
 6.23529412e-01 1.12965379e+00
 6.27450980e-01 1.12785647e+00
 6.31372549e-01 1.12607174e+00
 6.35294118e-01 1.12429944e+00
 6.39215686e-01 1.12253946e+00
 6.43137255e-01 1.12079166e+00
 6.47058824e-01 1.11905592e+00
 6.50980392e-01 1.11733210e+00
 6.54901961e-01 1.11562008e+00
 6.58823529e-01 1.11391974e+00
 6.62745098e-01 1.11223095e+00
 6.66666667e-01 1.11055359e+00
 6.70588235e-01 1.10888754e+00
 6.74509804e-01 1.10723270e+00
 6.78431373e-01 1.10558893e+00
 6.82352941e-01 1.10395613e+00
 6.86274510e-01 1.10233418e+00
 6.90196078e-01 1.10072297e+00
 6.94117647e-01 1.09912239e+00
 6.98039216e-01 1.09753234e+00
 7.01960784e-01 1.09595270e+00
 7.05882353e-01 1.09438337e+00
 7.09803922e-01 1.09282425e+00
 7.13725490e-01 1.09127523e+00
 7.17647059e-01 1.08973621e+00
 7.21568627e-01 1.08820710e+00
 7.25490196e-01 1.08668778e+00
 7.29411765e-01 1.08517818e+00
 7.33333333e-01 1.08367818e+00
 7.37254902e-01 1.08218770e+00
 7.41176471e-01 1.08070664e+00
 7.45098039e-01 1.07923491e+00
 7.49019608e-01 1.07777242e+00
 7.52941176e-01 1.07631908e+00
 7.56862745e-01 1.07487480e+00
 7.60784314e-01 1.07343950e+00
 7.64705882e-01 1.07201308e+00
 7.68627451e-01 1.07059546e+00
 7.72549020e-01 1.06918656e+00
 7.76470588e-01 1.06778630e+00
 7.80392157e-01 1.06639459e+00
 7.84313725e-01 1.06501135e+00
 7.88235294e-01 1.06363651e+00
 7.92156863e-01 1.06226998e+00
 7.96078431e-01 1.06091169e+00
 8.00000000e-01 1.05956156e+00
 8.03921569e-01 1.05821952e+00
 8.07843137e-01 1.05688549e+00
 8.11764706e-01 1.05555939e+00
 8.15686275e-01 1.05424116e+00
 8.19607843e-01 1.05293072e+00
 8.23529412e-01 1.05162800e+00
 8.27450980e-01 1.05033294e+00
 8.31372549e-01 1.04904545e+00
 8.35294118e-01 1.04776549e+00
 8.39215686e-01 1.04649296e+00
 8.43137255e-01 1.04522782e+00
 8.47058824e-01 1.04397000e+00
 8.50980392e-01 1.04271942e+00
 8.54901961e-01 1.04147603e+00
 8.58823529e-01 1.04023976e+00
 8.62745098e-01 1.03901055e+00
 8.66666667e-01 1.03778834e+00
 8.70588235e-01 1.03657306e+00
 8.74509804e-01 1.03536467e+00
 8.78431373e-01 1.03416308e+00
 8.82352941e-01 1.03296826e+00
 8.86274510e-01 1.03178013e+00
 8.90196078e-01 1.03059865e+00
 8.94117647e-01 1.02942375e+00
 8.98039216e-01 1.02825539e+00
 9.01960784e-01 1.02709349e+00
 9.05882353e-01 1.02593801e+00
 9.09803922e-01 1.02478890e+00
 9.13725490e-01 1.02364610e+00
 9.17647059e-01 1.02250956e+00
 9.21568627e-01 1.02137922e+00
 9.25490196e-01 1.02025504e+00
 9.29411765e-01 1.01913696e+00
 9.33333333e-01 1.01802493e+00
 9.37254902e-01 1.01691890e+00
 9.41176471e-01 1.01581882e+00
 9.45098039e-01 1.01472465e+00
 9.49019608e-01 1.01363633e+00
 9.52941176e-01 1.01255382e+00
 9.56862745e-01 1.01147708e+00
 9.60784314e-01 1.01040604e+00
 9.64705882e-01 1.00934067e+00
 9.68627451e-01 1.00828092e+00
 9.72549020e-01 1.00722675e+00
 9.76470588e-01 1.00617811e+00
 9.80392157e-01 1.00513496e+00
 9.84313725e-01 1.00409725e+00
 9.88235294e-01 1.00306495e+00
 9.92156863e-01 1.00203800e+00
 9.96078431e-01 1.00101636e+00
 1.00000000e+00 1.00000000e+00
