 0.00000000e+00 1.00000000e+00
 3.92156863e-03 1.21234058e+00
 7.84313725e-03 1.35304770e+00
 1.17647059e-02 1.44528028e+00
 1.56862745e-02 1.50482549e+00
 1.96078431e-02 1.54240939e+00
 2.35294118e-02 1.56529496e+00
 2.74509804e-02 1.57838369e+00
 3.13725490e-02 1.58497207e+00
 3.52941176e-02 1.58726960e+00
 3.92156863e-02 1.58675204e+00
 4.31372549e-02 1.58440158e+00
 4.70588235e-02 1.58086960e+00
 5.09803922e-02 1.57658644e+00
 5.49019608e-02 1.57183534e+00
 5.88235294e-02 1.56680194e+00
 6.27450980e-02 1.56160736e+00
 6.66666667e-02 1.55633025e+00
 7.05882353e-02 1.55102138e+00
 7.45098039e-02 1.54571327e+00
 7.84313725e-02 1.54042657e+00
 8.23529412e-02 1.53517424e+00
 8.62745098e-02 1.52996424e+00
 9.01960784e-02 1.52480135e+00
 9.41176471e-02 1.51968827e+00
 9.80392157e-02 1.51462641e+00
 1.01960784e-01 1.50961635e+00
 1.05882353e-01 1.50465815e+00
 1.09803922e-01 1.49975156e+00
 1.13725490e-01 1.49489610e+00
 1.17647059e-01 1.49009121e+00
 1.21568627e-01 1.48533623e+00
 1.25490196e-01 1.48063049e+00
 1.29411765e-01 1.47597329e+00
 1.33333333e-01 1.47136391e+00
 1.37254902e-01 1.46680165e+00
 1.41176471e-01 1.46228583e+00
 1.45098039e-01 1.45781575e+00
 1.49019608e-01 1.45339074e+00
 1.52941176e-01 1.44901012e+00
 1.56862745e-01 1.44467326e+00
 1.60784314e-01 1.44037951e+00
 1.64705882e-01 1.43612823e+00
 1.68627451e-01 1.43191882e+00
 1.72549020e-01 1.42775067e+00
 1.76470588e-01 1.42362318e+00
 1.80392157e-01 1.41953578e+00
 1.84313725e-01 1.41548789e+00
 1.88235294e-01 1.41147894e+00
 1.92156863e-01 1.40750840e+00
 1.96078431e-01 1.40357572e+00
 2.00000000e-01 1.39968036e+00
 2.03921569e-01 1.39582182e+00
 2.07843137e-01 1.39199957e+00
 2.11764706e-01 1.38821312e+00
 2.15686275e-01 1.38446198e+00
 2.19607843e-01 1.38074566e+00
 2.23529412e-01 1.37706368e+00
 2.27450980e-01 1.37341559e+00
 2.31372549e-01 1.36980092e+00
 2.35294118e-01 1.36621922e+00
 2.39215686e-01 1.36267005e+00
 2.43137255e-01 1.35915298e+00
 2.47058824e-01 1.35566758e+00
 2.50980392e-01 1.35221344e+00
 2.54901961e-01 1.34879013e+00
 2.58823529e-01 1.34539726e+00
 2.62745098e-01 1.34203443e+00
 2.66666667e-01 1.33870125e+00
 2.70588235e-01 1.33539733e+00
 2.74509804e-01 1.33212229e+00
 2.78431373e-01 1.32887578e+00
 2.82352941e-01 1.32565741e+00
 2.86274510e-01 1.32246683e+00
 2.90196078e-01 1.31930370e+00
 2.94117647e-01 1.31616765e+00
 2.98039216e-01 1.31305836e+00
 3.01960784e-01 1.30997549e+00
 3.05882353e-01 1.30691870e+00
 3.09803922e-01 1.30388767e+00
 3.13725490e-01 1.30088208e+00
 3.17647059e-01 1.29790163e+00
 3.21568627e-01 1.29494599e+00
 3.25490196e-01 1.29201487e+00
 3.29411765e-01 1.28910797e+00
 3.33333333e-01 1.28622500e+00
 3.37254902e-01 1.28336565e+00
 3.41176471e-01 1.28052966e+00
 3.45098039e-01 1.27771673e+00
 3.49019608e-01 1.27492660e+00
 3.52941176e-01 1.27215899e+00
 3.56862745e-01 1.26941363e+00
 3.60784314e-01 1.26669026e+00
 3.64705882e-01 1.26398863e+00
 3.68627451e-01 1.26130847e+00
 3.72549020e-01 1.25864954e+00
 3.76470588e-01 1.25601159e+00
 3.80392157e-01 1.25339437e+00
 3.84313725e-01 1.25079765e+00
 3.88235294e-01 1.24822118e+00
 3.92156863e-01 1.24566475e+00
 3.96078431e-01 1.24312811e+00
 4.00000000e-01 1.24061104e+00
 4.03921569e-01 1.23811333e+00
 4.07843137e-01 1.23563475e+00
 4.11764706e-01 1.23317508e+00
 4.15686275e-01 1.23073411e+00
 4.19607843e-01 1.22831164e+00
 4.23529412e-01 1.22590746e+00
 4.27450980e-01 1.22352136e+00
 4.31372549e-01 1.22115315e+00
 4.35294118e-01 1.21880263e+00
 4.39215686e-01 1.21646960e+00
 4.43137255e-01 1.21415387e+00
 4.47058824e-01 1.21185525e+00
 4.50980392e-01 1.20957356e+00
 4.54901961e-01 1.20730861e+00
 4.58823529e-01 1.20506022e+00
 4.62745098e-01 1.20282822e+00
 4.66666667e-01 1.20061243e+00
 4.70588235e-01 1.19841267e+00
 4.74509804e-01 1.19622877e+00
 4.78431373e-01 1.19406057e+00
 4.82352941e-01 1.19190790e+00
 4.86274510e-01 1.18977060e+00
 4.90196078e-01 1.18764850e+00
 4.94117647e-01 1.18554144e+00
 4.98039216e-01 1.18344927e+00
 5.01960784e-01 1.18137184e+00
 5.05882353e-01 1.17930899e+00
 5.09803922e-01 1.17726056e+00
 5.13725490e-01 1.17522642e+00
 5.17647059e-01 1.17320641e+00
 5.21568627e-01 1.17120039e+00
 5.25490196e-01 1.16920821e+00
 5.29411765e-01 1.16722974e+00
 5.33333333e-01 1.16526484e+00
 5.37254902e-01 1.16331337e+00
 5.41176471e-01 1.16137520e+00
 5.45098039e-01 1.15945018e+00
 5.49019608e-01 1.15753820e+00
 5.52941176e-01 1.15563911e+00
 5.56862745e-01 1.15375280e+00
 5.60784314e-01 1.15187913e+00
 5.64705882e-01 1.15001798e+00
 5.68627451e-01 1.14816922e+00
 5.72549020e-01 1.14633275e+00
 5.76470588e-01 1.14450842e+00
 5.80392157e-01 1.14269614e+00
 5.84313725e-01 1.14089577e+00
 5.88235294e-01 1.13910720e+00
 5.92156863e-01 1.13733033e+00
 5.96078431e-01 1.13556503e+00
 6.00000000e-01 1.13381120e+00
 6.03921569e-01 1.13206872e+00
 6.07843137e-01 1.13033749e+00
 6.11764706e-01 1.12861740e+00
 6.15686275e-01 1.12690835e+00
 6.19607843e-01 1.12521022e+00
 6.23529412e-01 1.12352293e+00
 6.27450980e-01 1.12184636e+00
 6.31372549e-01 1.12018041e+00
 6.35294118e-01 1.11852499e+00
 6.39215686e-01 1.11688000e+00
 6.43137255e-01 1.11524533e+00
 6.47058824e-01 1.11362090e+00
 6.50980392e-01 1.11200662e+00
 6.54901961e-01 1.11040238e+00
 6.58823529e-01 1.10880809e+00
 6.62745098e-01 1.10722367e+00
 6.66666667e-01 1.10564902e+00
 6.70588235e-01 1.10408405e+00
 6.74509804e-01 1.10252869e+00
 6.78431373e-01 1.10098283e+00
 6.82352941e-01 1.09944639e+00
 6.86274510e-01 1.09791930e+00
 6.90196078e-01 1.09640146e+00
 6.94117647e-01 1.09489279e+00
 6.98039216e-01 1.09339322e+00
 7.01960784e-01 1.09190265e+00
 7.05882353e-01 1.09042102e+00
 7.09803922e-01 1.08894823e+00
 7.13725490e-01 1.08748422e+00
 7.17647059e-01 1.08602891e+00
 7.21568627e-01 1.08458221e+00
 7.25490196e-01 1.08314406e+00
 7.29411765e-01 1.08171438e+00
 7.33333333e-01 1.08029310e+00
 7.37254902e-01 1.07888013e+00
 7.41176471e-01 1.07747542e+00
 7.45098039e-01 1.07607889e+00
 7.49019608e-01 1.07469047e+00
 7.52941176e-01 1.07331009e+00
 7.56862745e-01 1.07193769e+00
 7.60784314e-01 1.07057318e+00
 7.64705882e-01 1.06921651e+00
 7.68627451e-01 1.06786762e+00
 7.72549020e-01 1.06652642e+00
 7.76470588e-01 1.06519287e+00
 7.80392157e-01 1.06386689e+00
 7.84313725e-01 1.06254842e+00
 7.88235294e-01 1.06123740e+00
 7.92156863e-01 1.05993377e+00
 7.96078431e-01 1.05863746e+00
 8.00000000e-01 1.05734841e+00
 8.03921569e-01 1.05606657e+00
 8.07843137e-01 1.05479187e+00
 8.11764706e-01 1.05352426e+00
 8.15686275e-01 1.05226368e+00
 8.19607843e-01 1.05101007e+00
 8.23529412e-01 1.04976337e+00
 8.27450980e-01 1.04852352e+00
 8.31372549e-01 1.04729048e+00
 8.35294118e-01 1.04606418e+00
 8.39215686e-01 1.04484458e+00
 8.43137255e-01 1.04363161e+00
 8.47058824e-01 1.04242522e+00
 8.50980392e-01 1.04122537e+00
 8.54901961e-01 1.04003199e+00
 8.58823529e-01 1.03884504e+00
 8.62745098e-01 1.03766447e+00
 8.66666667e-01 1.03649022e+00
 8.70588235e-01 1.03532225e+00
 8.74509804e-01 1.03416050e+00
 8.78431373e-01 1.03300493e+00
 8.82352941e-01 1.03185549e+00
 8.86274510e-01 1.03071212e+00
 8.90196078e-01 1.02957479e+00
 8.94117647e-01 1.02844345e+00
 8.98039216e-01 1.02731804e+00
 9.01960784e-01 1.02619852e+00
 9.05882353e-01 1.02508486e+00
 9.09803922e-01 1.02397699e+00
 9.13725490e-01 1.02287488e+00
 9.17647059e-01 1.02177849e+00
 9.21568627e-01 1.02068776e+00
 9.25490196e-01 1.01960266e+00
 9.29411765e-01 1.01852314e+00
 9.33333333e-01 1.01744916e+00
 9.37254902e-01 1.01638068e+00
 9.41176471e-01 1.01531766e+00
 9.45098039e-01 1.01426005e+00
 9.49019608e-01 1.01320782e+00
 9.52941176e-01 1.01216092e+00
 9.56862745e-01 1.01111931e+00
 9.60784314e-01 1.01008296e+00
 9.64705882e-01 1.00905182e+00
 9.68627451e-01 1.00802586e+00
 9.72549020e-01 1.00700504e+00
 9.76470588e-01 1.00598932e+00
 9.80392157e-01 1.00497866e+00
 9.84313725e-01 1.00397303e+00
 9.88235294e-01 1.00297238e+00
 9.92156863e-01 1.00197668e+00
 9.96078431e-01 1.00098590e+00
 1.00000000e+00 1.00000000e+00
